% -------------------------------------------------------------------
%  Generated by MATLAB on 2-Jul-2017 18:19:41
%  MATLAB version: 9.2.0.556344 (R2017a)
% -------------------------------------------------------------------
                                   

mot = struct;
mot.max_trq = 307;
mot.max_pwr = 124;
mot.spd = [0 500 1000 1500 2000 2500 3000 3500 3857.0448749306233 4000 ...
           4500 5000 5500 6000 6500 7000 7500 8000 8500 9000 9500 10000 ...
           10500 11000 11500 12000 12500];
mot.trq = [307 307 307 307 307 307 307 307 307 296.02819415092534 263.13617257860028 ...
           236.82255532074026 215.29323210976392 197.35212943395021 182.17119640056941 ...
           169.15896808624305 157.88170354716016 148.01409707546267 139.30738548278839 ...
           131.56808628930014 124.64345016881067 118.41127766037013 112.77264539082871 ...
           107.64661605488196 102.96632840032184 98.6760647169751 94.729022128296108 ...
           ];
mot.trq_cp = [296.02819415092534 263.13617257860028 236.82255532074026 ...
              215.29323210976392 197.35212943395021 182.17119640056941 ...
              169.15896808624305 157.88170354716016 148.01409707546267 ...
              139.30738548278839 131.56808628930014 124.64345016881067 ...
              118.41127766037013 112.77264539082871 107.64661605488196 ...
              102.96632840032184 98.6760647169751 94.729022128296108];
mot.J = 0.02;
mot.damp = 0.0001;
mot.Tc = 0.0267;
mot.map = struct;
mot.map.spdindex = [0 1000 2000 3000 3857 4000 5000 6000 7000 8000 9000 ...
                    10000 11000 12000 12584];
mot.map.trqindex = [10 25 50 75 100 125 150 175 200 225 250 275 300 307 ...
                    ];
mot.map.eff = ...
  [84 90 90 90 90 90 90 90 90 90 90 90 90 90 90;
   84 90 93 95 95 95 96 95 95 95 95 93 93 93 93;
   84 90 93 95 95 95 96 95 96 95 95 95 95 93 93;
   84 90 93 95 95 95 96 96 96 95 95 95 95 93 93;
   84 90 93 95 95 95 96 96 96 95 95 93 93 93 90;
   84 88 90 93 93 95 95 96 95 95 95 93 93 93 90;
   84 88 90 90 90 93 95 95 95 93 93 93 93 93 90;
   84 88 90 90 90 90 93 93 93 93 93 93 93 93 90;
   84 84 88 90 90 90 93 93 93 93 93 93 93 93 90;
   84 84 88 90 90 90 90 93 93 93 93 93 93 93 90;
   84 84 84 90 90 90 90 93 93 93 93 93 93 93 90;
   84 84 84 88 90 90 90 93 93 93 93 93 93 93 90;
   84 84 84 88 88 88 90 93 93 93 93 93 93 93 90;
   84 84 84 88 88 88 90 93 93 93 93 93 93 93 90];
mot.m = 30;
mot.Cp = 200;

